Read Time (s)
0.003571748733520508
0.005721330642700195
0.004081010818481445
0.004385471343994141
0.0028607845306396484
0.002838611602783203
0.0025284290313720703
0.0029718875885009766
0.01166677474975586
0.00478672981262207
0.0027761459350585938
0.002450704574584961
0.003340482711791992
0.003390789031982422
0.0024030208587646484
0.005269050598144531
0.002129793167114258
0.0022046566009521484
0.0027933120727539062
0.002572298049926758
0.0026640892028808594
0.0030059814453125
0.0025360584259033203
0.002538919448852539
0.0026640892028808594
0.0045490264892578125
0.0022537708282470703
0.0042498111724853516
0.003262042999267578
0.008156061172485352
0.003021240234375
0.002710103988647461
0.002124786376953125
0.003190755844116211
0.004183769226074219
0.0026209354400634766
0.002254009246826172
0.0031104087829589844
0.0033311843872070312
0.00687861442565918
0.002350330352783203
0.0030226707458496094
0.00441288948059082
0.0034668445587158203
0.0026929378509521484
0.0025093555450439453
0.0024154186248779297
0.0033555030822753906
0.0023093223571777344
0.002258777618408203
0.0025815963745117188
0.003385782241821289
0.00457763671875
0.002493619918823242
0.0023136138916015625
0.0033261775970458984
0.002735137939453125
0.020083904266357422
0.0024421215057373047
0.002657175064086914
0.00792074203491211
0.0026111602783203125
0.002250194549560547
0.003264904022216797
0.0037000179290771484
0.0026199817657470703
0.004064798355102539
0.002862691879272461
0.0022220611572265625
0.0021622180938720703
0.0035352706909179688
0.005449533462524414
0.0026459693908691406
0.002892732620239258
0.002746105194091797
0.003297090530395508
0.002334117889404297
0.0028243064880371094
0.0023970603942871094
0.00272369384765625
0.0022339820861816406
0.005483388900756836
0.0026640892028808594
0.0035543441772460938
0.003069162368774414
0.002289295196533203
0.0024619102478027344
0.0029053688049316406
0.002340078353881836
0.0036678314208984375
0.002247333526611328
0.002843618392944336
0.0022432804107666016
0.0023283958435058594
0.0027010440826416016
0.003177642822265625
0.005578041076660156
0.0060651302337646484
0.002251863479614258
0.009226560592651367
0.002407073974609375
0.0031042098999023438
0.003922462463378906
0.003534555435180664
0.002593517303466797
0.002334117889404297
0.0021626949310302734
0.0030295848846435547
0.0025529861450195312
0.002297639846801758
0.002203702926635742
0.0026862621307373047
0.0025186538696289062
0.002899169921875
0.0022077560424804688
0.0026514530181884766
0.004151821136474609
0.0022814273834228516
0.0022351741790771484
0.0031604766845703125
0.002257823944091797
0.005176067352294922
0.01116633415222168
0.004300355911254883
0.002559661865234375
0.0022382736206054688
0.00322723388671875
0.004426479339599609
0.0023894309997558594
0.002312183380126953
0.002254486083984375
0.005311489105224609
0.0022127628326416016
0.002638101577758789
0.0027925968170166016
0.0028922557830810547
0.0028722286224365234
0.0028297901153564453
0.002816915512084961
0.00279998779296875
0.0063970088958740234
