Read Time (s)
0.0030341148376464844
0.0026636123657226562
0.002353668212890625
0.0054509639739990234
0.002839803695678711
0.0024690628051757812
0.0029392242431640625
0.0033783912658691406
0.0021326541900634766
0.0021860599517822266
0.0023479461669921875
0.0029528141021728516
0.002468585968017578
0.0029218196868896484
0.0033376216888427734
0.0027425289154052734
0.005937099456787109
0.002428770065307617
0.006788015365600586
0.0033829212188720703
0.0030617713928222656
0.0029985904693603516
0.003029346466064453
0.0028312206268310547
0.002475738525390625
0.0022170543670654297
0.007001399993896484
0.003681659698486328
0.0027577877044677734
0.002980470657348633
0.002855062484741211
0.003716707229614258
0.0025103092193603516
0.0022339820861816406
0.0036962032318115234
0.0036399364471435547
0.0025365352630615234
0.006113529205322266
0.0023453235626220703
0.003115415573120117
0.003473520278930664
0.0028693675994873047
0.0027303695678710938
0.0033216476440429688
0.0034618377685546875
0.005766153335571289
0.0028405189514160156
0.008405685424804688
0.002469301223754883
0.002197742462158203
0.0026581287384033203
0.0036215782165527344
0.002574443817138672
0.0031914710998535156
0.002887725830078125
0.0028264522552490234
0.010590553283691406
0.0024261474609375
0.0026824474334716797
0.0028498172760009766
0.004767894744873047
0.0027322769165039062
0.004779815673828125
0.003052949905395508
0.0034856796264648438
0.002410888671875
0.0023436546325683594
0.00302886962890625
0.0033447742462158203
0.002904653549194336
0.004027128219604492
0.003347635269165039
0.002704143524169922
0.00390625
0.004924297332763672
0.002850055694580078
0.0028285980224609375
0.0028922557830810547
0.002649545669555664
0.0040493011474609375
0.002389669418334961
0.0023648738861083984
0.0025377273559570312
0.00374603271484375
0.0034532546997070312
0.002332448959350586
0.0038008689880371094
0.0035538673400878906
0.00347137451171875
0.0032007694244384766
0.0023565292358398438
0.003154754638671875
0.0076444149017333984
0.002721071243286133
0.0027599334716796875
0.0031969547271728516
0.0032372474670410156
0.002435445785522461
0.003300905227661133
0.005124092102050781
0.0025169849395751953
0.004851818084716797
0.0023665428161621094
0.0032379627227783203
0.0024547576904296875
0.0034966468811035156
0.0032749176025390625
0.0049190521240234375
0.002492666244506836
0.0033397674560546875
